trucks_count 10
drones_count 4
customers 200
depot 0 0
Coordinate X         Coordinate Y         Dronable Demand
X	Y	Dronable	Demand	Drone_service	Truck_service	Lw
3643.5408452101374	6232.999488369925	1.0	2.1421589366055565	60	60	1900.0
-349.43591905876065	2431.018488163444	1.0	23.86124927299756	60	60	1200.0
-2449.1847774314706	3681.056986862403	1.0	1.0897320566459472	60	60	1400.0
2684.8064312327565	2715.90114741932	1.0	0.8017438306067817	60	60	1200.0
-1126.639363962321	3810.484993329758	1.0	1.1749971827264436	60	60	1200.0
6537.284344516096	3298.7450617860386	1.0	1.5669374848240485	60	60	2200.0
-6785.727795129723	-3240.565900672055	1.0	1.6367948703444977	60	60	2200.0
3783.907428695019	-3259.3842821120343	1.0	2.027382678252861	60	60	1200.0
4721.079783502861	-7206.804030961343	1.0	0.2681751922723429	60	60	2500.0
-6588.349275605603	-6505.8779185354215	1.0	0.9898500942892028	60	60	2100.0
-724.1887089549763	1668.1054672511757	1.0	0.2232219758858016	60	60	1200.0
-2690.480323609991	3049.6382464875005	1.0	0.3873828735579139	60	60	1300.0
2169.6321167934434	6586.107568809902	1.0	0.8670105519681202	60	60	1500.0
3982.473535396783	6308.916015834405	1.0	2.2439967088772335	60	60	2100.0
5608.9843661823425	3463.1145300861913	1.0	43.76246937120555	60	60	1900.0
4257.472663279978	-32.39518876111095	1.0	1.7275984728439815	60	60	1200.0
1815.1912104002995	3229.791908468526	1.0	2.0613761627032257	60	60	1200.0
-1907.7490418903387	4590.289758844911	1.0	1.2316545977454612	60	60	1200.0
-1300.3485769547517	-4532.573775336542	1.0	0.25397309527665	60	60	1200.0
461.7433086254515	-3541.2321746564567	1.0	1.0826863451370428	60	60	1200.0
7867.628048087426	4452.395132005294	1.0	2.2272725875106874	60	60	2200.0
-2146.751784617367	886.1324913042016	1.0	1.1791439907616217	60	60	1200.0
-1273.0011994730637	2557.004614089396	1.0	2.0999698459166924	60	60	1200.0
4046.05536824115	-6744.693523038242	1.0	0.9241085670481536	60	60	2200.0
-6470.469894377253	-2845.219090460998	1.0	29.196064965982643	60	60	1700.0
-2274.501562625976	-1637.7271128338546	1.0	0.4738388560935742	60	60	1200.0
-607.5975020147779	-349.0605929835589	1.0	1.2864333896512574	60	60	1200.0
-4785.476772826842	-5910.9560689605	1.0	0.0268977388820563	60	60	2200.0
-7638.850833496493	7711.557369950331	1.0	1.3306048505646406	60	60	2800.0
639.1306108907476	1939.8984223857335	1.0	0.4979664256150031	60	60	1200.0
-4429.303314639863	7040.81525210459	1.0	0.6051955360316232	60	60	2600.0
-1703.136683754979	-5393.912184075077	1.0	1.4426328135748057	60	60	1600.0
7902.630076820533	3079.0302260130698	1.0	0.8017756819288515	60	60	2000.0
-4913.538624425243	-4954.181252050294	1.0	2.186793359673466	60	60	2000.0
-5823.512471019858	456.9280043658592	1.0	1.4984480233376472	60	60	1700.0
-3867.352243273417	5291.436752600401	1.0	1.6995451888279136	60	60	1700.0
7095.289911793708	-3094.0809056140556	1.0	0.0190045584840883	60	60	1800.0
-6115.347054859933	2676.3749256645033	1.0	1.0857397592338909	60	60	1300.0
198.79125390771165	-2026.257432354502	1.0	0.9826131087666988	60	60	1200.0
6710.12347057329	3796.19256681372	1.0	2.1458197895805937	60	60	1800.0
5548.654963904057	-1455.5583132215747	1.0	2.254619943660658	60	60	1200.0
-2185.30536435458	7420.112248497597	1.0	2.1471683081129855	60	60	2400.0
2044.1577617845085	-6160.9196530934905	1.0	0.5688936746039236	60	60	1400.0
-7855.920965560086	1741.9349466606398	1.0	0.9540782225636942	60	60	2400.0
-4795.049459193538	6129.75999692243	1.0	0.0816445356321412	60	60	2100.0
4837.510279006574	74.42084216371698	1.0	48.06343867070474	60	60	1300.0
-3578.121035162196	4768.787557218089	1.0	1.0559001999441875	60	60	1200.0
-5717.967796954116	-7352.616298445836	1.0	0.0266716340222908	60	60	2300.0
-3963.770935539103	3494.193639285161	1.0	1.187965714138984	60	60	1500.0
-7533.289317590101	-4124.982546844979	1.0	1.519486878923485	60	60	2700.0
-3555.75708480258	-4647.988775940174	1.0	0.5488732761721921	60	60	1300.0
6088.825416125966	-1761.2146148672753	1.0	1.2761837971678165	60	60	1800.0
-1580.7316578761145	1149.7966224535169	1.0	0.1165485661171463	60	60	1200.0
-6001.209226089123	-7801.884981983871	1.0	1.5560668872590453	60	60	2200.0
-1198.3290283026736	-3610.841081938865	1.0	1.391901484325685	60	60	1200.0
5285.786291329546	-4117.416557230977	1.0	0.1484891249618005	60	60	1400.0
-2643.769942953955	638.5010344486733	1.0	0.2330563862401509	60	60	1200.0
3059.011074501068	4529.51725603823	1.0	28.739389919495967	60	60	1300.0
-1473.336839902803	5779.823303325142	1.0	1.4880103554601098	60	60	1700.0
-2643.2286955136	-7317.864399250866	1.0	0.1381584028672024	60	60	2000.0
-2159.7118087810795	2950.6236830903545	1.0	0.0702977431504942	60	60	1200.0
4191.6064942803905	-4373.9237530208275	1.0	0.7742017906395564	60	60	1900.0
-4980.495587509876	1876.1928182972297	1.0	1.0936929395210675	60	60	1500.0
-4499.383865502351	-3209.845459758687	1.0	0.1177640676702539	60	60	1400.0
-587.0616127392892	4684.698449236589	1.0	21.842534575750197	60	60	1400.0
-7299.923182822546	-4401.843289120773	1.0	1.4301198708613767	60	60	2600.0
-2617.540040625948	-3118.5325899710288	1.0	0.7832876880457889	60	60	1200.0
-6142.9705645958475	6637.674613880324	1.0	2.012229589892119	60	60	1800.0
146.59460443090728	6088.794712615375	1.0	1.3873917192755263	60	60	1800.0
7877.725229208055	2530.385431201334	1.0	9.581275289806344	60	60	2300.0
4922.293279586003	-6500.963435988355	1.0	1.9863417492537452	60	60	1700.0
6426.414232323871	-6060.617433425665	1.0	0.538725213872396	60	60	1900.0
-4087.689928862932	6843.1590924224165	1.0	0.5209112677602166	60	60	2400.0
-5446.119546230738	-6443.796696719039	1.0	1.0793010718171951	60	60	2400.0
3054.708646492071	-2279.894495052607	1.0	0.971147633948127	60	60	1200.0
2702.4913057010103	1176.1145387382696	1.0	0.8199267430333326	60	60	1200.0
-927.2171063499133	-2369.096259867324	1.0	0.1385140412627347	60	60	1200.0
-100.83714631435586	6152.626363075579	1.0	0.0485144524792848	60	60	2000.0
-1249.119930984682	-764.1541486115539	1.0	2.029628269121298	60	60	1200.0
5559.489000369376	7545.556354316877	1.0	1.6742412212263718	60	60	2900.0
4180.166920555383	3823.7781868889015	1.0	0.1837500316449034	60	60	1700.0
5425.157497644285	8020.007762547124	1.0	2.2118968689343403	60	60	2200.0
7012.14650759603	7987.98988490609	1.0	0.1209847627050139	60	60	3000.0
5384.938620091724	5950.750810667113	1.0	1.860713522399432	60	60	1700.0
5286.049181900147	-3791.533216139781	1.0	1.3612636371801452	60	60	1400.0
-2317.5080871852433	-1883.592233899728	1.0	0.951229543526281	60	60	1200.0
-3580.412989905593	-6029.809527817622	1.0	1.9356584924406863	60	60	2200.0
4280.154088614786	-6702.231027336951	1.0	55.700286458083376	60	60	2000.0
-7556.891492709549	-1331.067664901918	1.0	1.9699210655882715	60	60	1700.0
-3977.883035117193	-7162.393867480577	1.0	1.581763690335577	60	60	1900.0
-5073.512601533611	-4178.093719691786	1.0	1.1852490383747356	60	60	1700.0
5253.835517523685	-5196.655128504042	1.0	44.645484523854385	60	60	1600.0
-181.05616377330412	-1464.4773145580984	1.0	1.3502028702221336	60	60	1200.0
-2813.8046979996875	1950.1227577724064	1.0	0.8681049667083657	60	60	1200.0
-6208.71312461812	3925.5321653823153	1.0	0.8713601621580641	60	60	2000.0
2735.8406377762194	1611.679243726736	1.0	1.5867293557381592	60	60	1200.0
4254.062987956075	5609.802781489188	1.0	0.7513627857118617	60	60	1600.0
5709.71292614897	2323.960463501925	1.0	0.5788460831984644	60	60	1300.0
-4340.028134980854	-3797.3863447382223	1.0	1.067902540698123	60	60	1300.0
-1448.72178045106	6794.964276924048	1.0	2.179850363398711	60	60	1400.0
4179.560643941502	-5676.6459957876195	1.0	0.9694348292209668	60	60	2100.0
-2754.863590067342	-2021.0070711584767	1.0	0.7177961064337495	60	60	1200.0
5629.915049642364	5908.347804668263	1.0	1.6093571481463669	60	60	2100.0
3121.328876141245	2943.3945178235153	1.0	1.259739999334779	60	60	1200.0
-2740.7220110977314	-5427.705341956795	1.0	0.4238734603175688	60	60	1800.0
-115.3243611069703	-2536.119476618116	1.0	1.6839151346365124	60	60	1200.0
5528.757803380255	4162.926945391095	1.0	0.3274122892364092	60	60	1500.0
-2249.372383619703	-2328.2954574647447	1.0	1.624792719174802	60	60	1200.0
-6449.31059382733	1312.009410280295	1.0	0.0697394127338386	60	60	2000.0
-4248.48899980099	-2918.57327294627	1.0	1.1685634861508984	60	60	1500.0
-77.74025972458865	7602.449768089714	1.0	1.1303549258166734	60	60	1800.0
-5204.5423819409325	6808.628952297366	1.0	1.6188388018568245	60	60	2000.0
7857.472750119918	640.7198869643676	1.0	0.1108235359354814	60	60	1700.0
4962.383938561055	-5899.455630351376	1.0	0.8499494236725011	60	60	1900.0
-2943.128580276235	766.6762584368241	1.0	0.4889152916726911	60	60	1200.0
-5455.260005587425	1129.129850710605	1.0	0.2376895378248286	60	60	1400.0
7133.606672880009	7764.543739454776	1.0	1.4182132634635816	60	60	3100.0
5952.596994549137	5814.662217445412	1.0	0.3018226116749209	60	60	1900.0
-2842.4860736262044	3139.1473269405474	1.0	0.8176221112546745	60	60	1200.0
7794.957659358542	7797.386886329941	1.0	46.46187441392827	60	60	2400.0
-1986.4506301456024	-3856.763214038854	1.0	0.5737368133600342	60	60	1200.0
5985.494092593201	5932.660420230794	1.0	1.4979450049527925	60	60	2700.0
-3872.7198314497673	-795.5297884052243	1.0	1.9179075180963991	60	60	1200.0
7324.75782369664	4418.155016548256	1.0	1.7532574170566977	60	60	2000.0
5020.186777634069	-548.179973387746	1.0	0.1773885966358578	60	60	1500.0
-3695.3318469111255	-4436.231536275963	1.0	37.22946149802952	60	60	1200.0
-3397.6535915092845	-2935.47166560239	1.0	1.1599884751123404	60	60	1200.0
-6656.197884823326	-14.235882595921002	1.0	2.035894459161301	60	60	1300.0
-4222.417329693725	-7931.186909166802	1.0	2.178693302212938	60	60	2800.0
-6903.106729217362	7628.428385231653	1.0	1.6975977124386357	60	60	3300.0
2221.9228731865405	-1647.8237887348218	1.0	0.1969459368422919	60	60	1200.0
3934.741804420847	5002.126554492431	1.0	0.1090279292431251	60	60	1600.0
2676.8538915917125	6754.110879583178	1.0	18.43212239267067	60	60	1600.0
-4715.337461414377	4461.525530736036	1.0	1.3046801257827831	60	60	2000.0
3159.9738776035533	143.2200148682346	1.0	0.1311377869792052	60	60	1200.0
-1932.1631822601576	-4628.892201145604	1.0	27.93040097736369	60	60	1400.0
-1574.427238794883	-1333.4135999093337	1.0	2.246460837015118	60	60	1200.0
-4057.430041955012	-1476.4997413829158	1.0	0.5118958189237222	60	60	1200.0
-6847.699374328713	4726.5215121875435	1.0	1.009318873593284	60	60	2500.0
5477.50177429054	6863.503565104152	1.0	1.6711049305513734	60	60	1800.0
237.17197912590584	-5148.34176568517	1.0	1.6309021975704343	60	60	1200.0
7103.93655637828	1930.067664429666	1.0	0.5433169138309325	60	60	2200.0
-6121.169833700986	-3001.3699468985324	1.0	1.7148506117154068	60	60	1900.0
4270.533172207194	-1949.7807248980848	1.0	1.1256311170205973	60	60	1200.0
-7722.363775529629	6162.024199904335	1.0	0.389624517270779	60	60	2100.0
-6649.675333048611	5968.541609667285	1.0	0.359790599197275	60	60	1900.0
-1812.811294163316	-5909.70518384989	1.0	0.3344900185782065	60	60	1300.0
1022.5076758602572	4740.458681784699	1.0	0.7720413609844802	60	60	1200.0
-3715.002548671374	-659.8032328489223	1.0	0.926602610563305	60	60	1200.0
-4180.8664614118015	-1352.5173052044595	1.0	62.942456070856274	60	60	1200.0
1138.679396886128	-1756.2517771261123	1.0	0.6504140048404237	60	60	1200.0
-459.7415654535925	-1485.646620322681	1.0	0.0411798465718631	60	60	1200.0
-7367.003360607838	1683.3275461726575	1.0	54.14373753398618	60	60	1800.0
4059.682388890949	-3860.487065618781	1.0	1.7835648322989155	60	60	1400.0
-1824.1326387115116	5828.427930652067	1.0	1.9866639802163817	60	60	1200.0
-4915.318217126594	4573.720516317475	1.0	0.897225763560355	60	60	1700.0
5660.9894813570945	-7718.646230099325	1.0	1.8631145813577337	60	60	2100.0
2213.937184501775	-396.6261031306891	1.0	1.0590771566382071	60	60	1200.0
6738.806551541569	74.6680756281939	1.0	0.0326985956690682	60	60	2000.0
2100.586528984066	4154.462109793875	1.0	1.376678590958542	60	60	1200.0
7261.137086252368	6304.630729755512	1.0	2.2035054789979713	60	60	2500.0
4447.323186698343	-1913.9686933552955	1.0	41.027584785851104	60	60	1200.0
6722.554086204303	-54.16467078000259	1.0	0.3591803806115836	60	60	1800.0
-5247.21141155476	-303.5459939358876	1.0	0.7012243291691037	60	60	1500.0
825.2818185983722	-6321.989716086981	1.0	0.909898739059495	60	60	1500.0
7209.14146374159	-6635.337848501972	1.0	2.1541937289877455	60	60	2900.0
943.9685820296496	-3832.212749801157	1.0	1.0678802689697744	60	60	1200.0
-6376.669395914626	-6677.405955723851	1.0	1.4311514111348766	60	60	2600.0
3916.309352545215	3458.482440526314	1.0	0.050966989166589	60	60	1200.0
-4883.1671527658145	6494.9311301074995	1.0	1.1961425039694633	60	60	1700.0
-5550.206198213862	7770.537848463092	1.0	0.7908357800561071	60	60	2100.0
841.1869114970525	-672.1784594538531	1.0	8.204932076694405	60	60	1200.0
2084.4732239210534	-6148.256506838615	1.0	0.8728424083921121	60	60	1400.0
-7582.637262311196	-6354.933752428296	1.0	0.6398874546055339	60	60	2400.0
-2726.6139410031196	-6399.631438076741	1.0	1.9179798560749213	60	60	2100.0
905.8932506771832	2164.1759797399272	1.0	0.4611666142971082	60	60	1200.0
-5470.512724063337	119.20771080972088	1.0	0.0146505012801222	60	60	1500.0
7138.05503278377	1131.265189824054	1.0	0.1037731447550921	60	60	1400.0
-5686.950183901456	-3001.7776317049284	1.0	0.2475605884902225	60	60	1800.0
3064.9411038993394	-3283.8551325877456	1.0	2.2032421920813783	60	60	1400.0
-5185.859876821816	-7502.29346064151	1.0	1.9208002303322829	60	60	2500.0
4721.109782559782	4430.743244207602	1.0	1.1323481007491007	60	60	1500.0
3032.773682164602	607.5833100042872	1.0	1.057999237616254	60	60	1200.0
4544.138218589404	6258.934866535822	1.0	2.093416401355383	60	60	1500.0
-5323.843210176704	-4551.0108006607525	1.0	1.5276405207198025	60	60	1800.0
-344.27698721332376	2489.5467230907766	1.0	0.981542265093024	60	60	1200.0
1723.936042914189	-1744.7972488364233	1.0	0.3686474873275421	60	60	1200.0
-4668.267922243244	5679.186338925394	1.0	27.813088011440556	60	60	1900.0
-4454.334516312192	-6517.448725243876	1.0	0.880312736865935	60	60	1600.0
-433.9434896441792	5222.732250240466	1.0	15.10683601592727	60	60	1200.0
-6130.26771066003	2269.4691291736503	1.0	38.10411518633517	60	60	1700.0
-3530.4187658946194	-593.5423536528726	1.0	0.6897215607147192	60	60	1200.0
3160.9077075205873	1747.6275759238183	1.0	14.940811457905657	60	60	1200.0
2923.048577787784	2720.8301113703565	1.0	0.6702165026488732	60	60	1200.0
7444.328561079338	-5716.857240280198	1.0	0.521789709827491	60	60	2900.0
-4942.871367543257	4607.149259158915	1.0	0.5568603693919116	60	60	2000.0
-6671.086254060146	3665.708436977155	1.0	1.9742281702798636	60	60	2000.0
-5946.9678881547225	4676.513467446623	1.0	1.5729680055682482	60	60	2200.0
5006.579966135934	4595.015095636482	1.0	0.9271116391716716	60	60	2000.0
-6770.37768376932	-4032.085013284497	1.0	1.5519198826736007	60	60	1900.0
