trucks_count 1
drones_count 1
customers 6
depot 0 0
Coordinate X         Coordinate Y         Dronable Demand
X	Y	Dronable	Demand	Drone_service	Truck_service	Lw
3705.523587025063	1559.3149895763445	1.0	0.9170239101069584	60	60	1200.0
953.2162068470022	3482.7516372645136	1.0	0.7087742278672998	60	60	1200.0
-1234.6585081567373	6564.705305365925	1.0	0.9954805382943576	60	60	1900.0
-2796.3135899181657	6263.58486236893	1.0	0.4681966140356212	60	60	1700.0
767.7656739137758	6082.50819032525	1.0	0.7755464466491672	60	60	1900.0
2004.020681552962	-7544.709564232051	1.0	0.0601200749497469	60	60	2200.0
