trucks_count 1
drones_count 1
customers 6
depot 0 0
Coordinate X         Coordinate Y         Dronable Demand
X	Y	Dronable	Demand	Drone_service	Truck_service	Lw
3714.173638781885	1281.4403113697058	1.0	0.1304044022730197	60	60	1200.0
-2607.669508059546	2880.9755320140907	1.0	1.0147864973860408	60	60	1200.0
-7801.962557287281	6967.076165007338	1.0	0.6419902321588782	60	60	2200.0
-941.264239460944	7881.40657583149	1.0	0.6538357612116562	60	60	1900.0
-4581.875773938015	3031.1498519761976	1.0	0.5706335791560622	60	60	1200.0
-1622.6464497528034	-6063.627865524772	1.0	0.3550698571572261	60	60	1800.0
