trucks_count 1
drones_count 1
customers 6
depot 0 0
Coordinate X         Coordinate Y         Dronable Demand
X	Y	Dronable	Demand	Drone_service	Truck_service	Lw
3709.848373093126	-6626.322109716625	1.0	0.5237141646387984	60	60	2100.0
-827.2266506062733	3181.863824449649	1.0	0.8617803795242891	60	60	1200.0
-4518.310532722009	6765.890855091806	1.0	7.729708871578585	60	60	1900.0
6177.911205215619	-974.2045207101374	1.0	1.128006196072448	60	60	1500.0
6139.644949987881	-3489.870858944101	1.0	0.6730900213514242	60	60	1400.0
190.6872358052517	-6804.168594973237	1.0	0.7745849829511053	60	60	2100.0
