trucks_count 1
drones_count 1
customers 6
depot 0 0
Coordinate X         Coordinate Y         Dronable Demand
X	Y	Dronable	Demand	Drone_service	Truck_service	Lw
3712.7319634890814	4009.9860910708103	1.0	1.017494334326692	60	60	1500.0
3350.278270965108	-2383.1947174269253	1.0	0.96378445809879	60	60	1200.0
-6707.411802495408	6900.014235161928	1.0	0.8899019526643945	60	60	2100.0
1431.7943220346929	-434.9304563490527	1.0	0.4338992282335076	60	60	1200.0
4356.431134037283	-4506.99022512367	1.0	0.98277905425531	60	60	1200.0
-6382.668474630001	-946.0081086742612	1.0	0.1169149103535983	60	60	1300.0
