trucks_count 1
drones_count 1
customers 6
depot 0 0
Coordinate X         Coordinate Y         Dronable Demand
X	Y	Dronable	Demand	Drone_service	Truck_service	Lw
7408.163823464523	8575.722018175598	1.0	0.6701338421606303	60	60	3600.0
13822.327971743318	-3562.8381835943974	1.0	0.6577721716824305	60	60	4200.0
-280.21598635042216	12995.287230661725	1.0	0.1094122419022553	60	60	2600.0
-846.5095772243626	-4105.504339623224	1.0	0.2482600979550914	60	60	1200.0
-12774.65483622185	-2911.264253169934	1.0	0.0537119386460335	60	60	3500.0
-5512.002686648472	-4854.180094383772	1.0	0.9559451281461192	60	60	1600.0
