trucks_count 1
drones_count 1
customers 6
depot 0 0
Coordinate X         Coordinate Y         Dronable Demand
X	Y	Dronable	Demand	Drone_service	Truck_service	Lw
7416.813875221343	-7795.553139651736	1.0	0.2768240797948517	60	60	2700.0
10261.442256836766	-4164.613809224125	1.0	0.8107783233394198	60	60	2900.0
-6847.520035480966	13397.657370872095	1.0	0.4996570803857062	60	60	4200.0
-15084.860466577493	13605.716894218642	1.0	24.925405173070647	60	60	4800.0
-2030.8958044529456	10130.77716867067	1.0	1.0852354964506716	60	60	2600.0
-9138.670057764586	-3373.0976762454534	1.0	0.5364300023522399	60	60	3000.0
