trucks_count 1
drones_count 1
customers 6
depot 0 0
Coordinate X         Coordinate Y         Dronable Demand
X	Y	Dronable	Demand	Drone_service	Truck_service	Lw
7413.930524635734	-2338.4615802495214	1.0	0.0299339949509049	60	60	2300.0
-10009.462664734612	-14692.955267347552	1.0	0.7597762840521691	60	60	5100.0
-4658.418525897223	13263.533990801969	1.0	0.7475688177888413	60	60	2700.0
-10338.743823206907	-3026.95669052175	1.0	0.6881331470137697	60	60	3400.0
15845.718011497644	-4945.502985529066	1.0	0.3634009715499195	60	60	4500.0
13528.085412860322	6862.141837455571	1.0	0.2982750555486123	60	60	4400.0
