trucks_count 1
drones_count 1
customers 6
depot 0 0
Coordinate X         Coordinate Y         Dronable Demand
X	Y	Dronable	Demand	Drone_service	Truck_service	Lw
7399.5137717077	-7239.803783238454	1.0	1.0634435876287902	60	60	3100.0
-14803.585833729438	-2961.062078343975	1.0	0.5047660369230601	60	60	4700.0
6287.088542400816	12592.916610830664	1.0	0.8531474034188046	60	60	3000.0
13391.840832508062	10370.07346729352	1.0	0.7224305328158832	60	60	3600.0
8668.387091250637	-15953.305675010532	1.0	0.1561683977390143	60	60	5100.0
-1885.335795153056	-6335.261553280703	1.0	0.2414802370423796	60	60	1400.0