trucks_count 1
drones_count 1
customers 6
depot 0 0
Coordinate X         Coordinate Y         Dronable Demand
X	Y	Dronable	Demand	Drone_service	Truck_service	Lw
1859.2493323301476	-3452.0983939616335	1.0	0.87107465680486	60	60	1200
-2194.05618275641	1290.043859599614	1.0	0.0338126490430299	60	60	1200
2503.892589168549	3584.1307374614344	1.0	1.032235070642329	60	60	1200
4016.48027783642	321.80871628138465	1.0	5.841211550392645	60	60	1200
395.0017510680439	-3270.614478741402	1.0	0.4681771200630815	60	60	1200
-1717.989947750256	-2661.5433282278054	1.0	1.0695347313633468	60	60	1200
