trucks_count 1
drones_count 1
customers 6
depot 0 0
Coordinate X         Coordinate Y         Dronable Demand
X	Y	Dronable	Demand	Drone_service	Truck_service	Lw
1859.970050071376	3230.3285962826385	1.0	1.117964724751188	60	60	1200
2873.6700476364344	3922.129224130469	1.0	0.0848147052278993	60	60	1200
1956.617211772612	3617.661702384138	1.0	0.7843233670344313	60	60	1200
2829.9511169937755	-3566.722767628344	1.0	0.399601842431394	60	60	1200
3972.548297080394	498.455559808532	1.0	0.056031628066215	60	60	1200
662.0210646883426	2826.3467933469387	1.0	0.1737097119622121	60	60	1200
