trucks_count 10
drones_count 4
customers 200
depot 0 0
Coordinate X         Coordinate Y         Dronable Demand
X	Y	Dronable	Demand	Drone_service	Truck_service	Lw
7275.548259411679	2107.539468555365	1.0	59.31949333482437	60	60	1800.0
14777.948381859967	-5064.55304893443	1.0	21.83363468158109	60	60	4100.0
3858.05824743998	6825.618160750752	1.0	0.9216725071512124	60	60	1800.0
-7832.752419088604	3274.7011555729687	1.0	39.59207193885863	60	60	1900.0
4879.59426452493	11689.457563541688	1.0	0.8375885013339124	60	60	3300.0
7181.17688283764	15351.66897751299	1.0	2.19919101423963	60	60	3400.0
9176.608965568232	359.52786016069206	1.0	0.099692461044474	60	60	1900.0
249.8595163003208	9169.265449130837	1.0	1.8367069820966553	60	60	2000.0
15319.921227294222	-12118.949945398052	1.0	0.3391779856214552	60	60	4900.0
6436.145351755147	5914.945693648712	1.0	1.6219547185907122	60	60	2500.0
-6539.069825670256	-13734.434704652733	1.0	1.11034777635448	60	60	3900.0
10687.86786147759	12625.029916452835	1.0	1.2342772454320197	60	60	4600.0
-423.1273594840564	12406.178551574954	1.0	0.0905388689217036	60	60	3000.0
-6419.114244545375	3473.681868569496	1.0	1.5717902175030838	60	60	2100.0
-8819.983159860363	-3874.1325226991457	1.0	16.87717424433575	60	60	3000.0
4229.617187444674	10723.979063543751	1.0	29.229478936541263	60	60	2900.0
5956.32993989605	1381.8876101897174	1.0	0.6545782900261513	60	60	1400.0
8527.893394786317	-14004.179512812489	1.0	0.182514294256319	60	60	3300.0
-11189.983281440753	-9218.50509176266	1.0	0.472708779700913	60	60	4100.0
9227.889498506494	1784.7455249026611	1.0	2.221318396426986	60	60	2700.0
9246.667724604928	13141.791399529213	1.0	0.9686059765887424	60	60	3900.0
8992.114770900891	-12823.352312252471	1.0	1.5236579843335132	60	60	4300.0
9730.46778798558	-4031.4158432162662	1.0	0.1245252614656657	60	60	2300.0
7150.8603369482225	2215.342857225919	1.0	14.35829155871644	60	60	1900.0
3976.0291474571272	6493.627448671705	1.0	2.1201448747936045	60	60	2400.0
3636.0782233479704	3466.3701143152716	1.0	0.9956312405113324	60	60	1400.0
10651.263646821177	-13882.69716397195	1.0	5.942844271318029	60	60	5500.0
-8390.609894526391	-7420.0924893664	1.0	51.83953777942408	60	60	2300.0
13807.701379024184	-1076.061328435447	1.0	1.8413198747446904	60	60	4200.0
-7277.619279033766	-707.179392549162	1.0	0.373320883814633	60	60	2000.0
-8093.651447198835	15210.264011010437	1.0	9.571237095902694	60	60	3400.0
3872.799815912401	2094.1678191207834	1.0	27.89762486572826	60	60	1300.0
980.1326802380036	-2894.271293839865	1.0	2.0374252629476572	60	60	1200.0
-10137.96593277345	-5614.145129012371	1.0	1.2094307163882407	60	60	3100.0
15838.783783153993	-756.902266762221	1.0	0.6705642841978207	60	60	3200.0
32.18061682364409	-6412.592076005056	1.0	35.92792097502197	60	60	1700.0
13753.844752708475	5484.445531784121	1.0	0.6714849563241451	60	60	3200.0
12204.577330426286	-8198.16208413797	1.0	1.8193768462876203	60	60	4100.0
-11563.77876119019	3239.527280480314	1.0	0.0915045223973679	60	60	2600.0
-15665.888895278733	15640.67823691633	1.0	14.292123038382243	60	60	6600.0
8594.833891859937	288.21408416900664	1.0	0.0341862690564407	60	60	2500.0
-9210.358505991637	-11950.180438438978	1.0	1.49132063551517	60	60	3800.0
-7204.6468343385195	-13252.677956030158	1.0	1.54571214788179	60	60	3100.0
6348.786016086141	-5742.9044399163595	1.0	0.7975918499059806	60	60	2500.0
6925.50118269733	13803.281944938812	1.0	1.56025030245013	60	60	4100.0
3395.959372487717	-15147.797407648126	1.0	0.8837979365189612	60	60	3700.0
-405.79471710186994	-10485.010154960815	1.0	0.0782983550316261	60	60	2400.0
5879.11414186606	-15170.32401889269	1.0	61.046349156893505	60	60	3500.0
-9014.16898123066	-9047.566930484729	1.0	0.0958676495582203	60	60	2700.0
9122.393023343211	-13553.543386223411	1.0	1.510315968553376	60	60	4400.0
645.8812321724323	957.5159712228846	1.0	21.645097445936575	60	60	1200.0
4507.427143140327	-732.5044934595583	1.0	0.252358566136609	60	60	1200.0
5514.587296955229	13633.648834012563	1.0	1.5484679666022652	60	60	4500.0
2027.044026407589	-1478.6730379621706	1.0	2.1684851668235625	60	60	1200.0
2263.3609855219697	12307.788692008162	1.0	0.7642028023924595	60	60	2800.0
-16051.241931105857	3737.461551609834	1.0	0.6513385969310284	60	60	3300.0
-1459.252136611095	7679.825274125554	1.0	0.9857175168368753	60	60	1500.0
-11632.824016617904	12694.088354405812	1.0	1.0780751111586253	60	60	3500.0
-8910.574701716432	10052.12156610678	1.0	2.1930348764491057	60	60	2900.0
14481.086458360583	6554.494087092265	1.0	1.3728901373189657	60	60	4900.0
-3257.5204870618786	10700.015244897222	1.0	0.3495489654708434	60	60	2200.0
-3345.3276449818195	-7377.705927861365	1.0	1.9801380982198824	60	60	1700.0
-14954.20923659152	-8882.94064935416	1.0	1.5784696237369886	60	60	3600.0
5808.401299044532	-5181.481877987345	1.0	1.7078851838407914	60	60	2400.0
-12270.52396396024	-13084.518023739298	1.0	0.8647828688688851	60	60	4200.0
7872.933568632941	6590.9694048016045	1.0	2.268657370136644	60	60	2500.0
-7626.382374523018	15900.921181501337	1.0	0.5300852567759302	60	60	4800.0
-2317.354226904748	-6613.258473109402	1.0	0.4878973463505069	60	60	1800.0
8145.312022871337	9756.004264166888	1.0	1.7991721689038496	60	60	3600.0
15069.954739132389	7678.621106721926	1.0	1.3427018532065762	60	60	4300.0
-8580.537079726935	-6625.296961046287	1.0	0.5108847691673427	60	60	2800.0
8584.716502007765	4779.631387137014	1.0	1.080675289371485	60	60	2300.0
3066.9192352567316	-8549.010779488413	1.0	0.6384884810604978	60	60	2800.0
3112.846976965475	-14293.150803645138	1.0	0.2659321703496439	60	60	2900.0
11633.888772167962	-13169.076760051226	1.0	0.2804270136417544	60	60	4600.0
5734.91273324492	7048.411860024069	1.0	1.979424438494929	60	60	2600.0
-12215.27790673866	5688.99474016071	1.0	59.184335159469114	60	60	3300.0
-6555.229323608073	-7923.060915617808	1.0	1.397372459866166	60	60	2700.0
10007.3540985762	-5793.2132639412675	1.0	63.19133805935464	60	60	2500.0
12526.271871616167	-6489.34423441357	1.0	59.19176965634018	60	60	4200.0
13066.77381103392	-3662.331360409166	1.0	3.706307114708253	60	60	4200.0
9003.318625765412	-10786.905873765369	1.0	0.1924909019056802	60	60	3600.0
9653.166268439409	-8439.75523590154	1.0	9.719184933460488	60	60	3100.0
15418.56118766162	6073.646793911547	1.0	0.6609554601320917	60	60	4000.0
14374.110688094068	14858.324562836851	1.0	0.4054634816852746	60	60	5500.0
7580.670618508593	-8677.91917060367	1.0	1.152909845870744	60	60	3100.0
1640.830412319992	-1702.6542273891705	1.0	1.0990784877263524	60	60	1200.0
8255.153472683329	-14882.327910991924	1.0	0.9779430589714238	60	60	3700.0
11737.071366463362	4715.343192248973	1.0	0.2068221981674492	60	60	2900.0
-7159.764512005903	-2427.349687344388	1.0	1.8802949773872513	60	60	2200.0
12415.82012538816	-12876.968850674151	1.0	0.9281029680947096	60	60	4000.0
-3025.0444865713675	-790.3593471554826	1.0	1.7340144046211567	60	60	1200.0
461.5475285357309	-14267.309293821312	1.0	0.8449430325914854	60	60	3000.0
-2785.576316126397	-8716.801968518788	1.0	59.55707144173733	60	60	2200.0
-1156.4893817621949	8864.507500329608	1.0	1.6105851743319606	60	60	2000.0
12999.707707749078	1694.7159629410385	1.0	0.0395753049411527	60	60	2900.0
-625.0761226114957	10753.416786011465	1.0	1.0810819890350956	60	60	2300.0
-15036.129370333958	-10975.754009570765	1.0	0.9778682733037024	60	60	4700.0
5400.16462740167	1083.6618117194523	1.0	30.91058054080773	60	60	1200.0
-9544.309255551276	-694.8417528933833	1.0	1.579729021339537	60	60	2600.0
15210.110517076411	7256.195145969132	1.0	1.657827307059731	60	60	5000.0
13360.353019903365	-5205.234380214906	1.0	0.5365190609547339	60	60	2800.0
-11946.310593110638	4683.332683347124	1.0	62.09822396641115	60	60	4100.0
6126.484862973694	5142.214257022967	1.0	2.138038813452381	60	60	2300.0
3594.8626968787253	2825.558336418244	1.0	1.4554678162135488	60	60	1200.0
-7837.654173524244	4113.31546528592	1.0	2.237687048816169	60	60	2000.0
-3147.9192760379506	-71.13027911117146	1.0	0.1062879009176304	60	60	1200.0
-3002.4233430869945	-14754.219464051155	1.0	0.9291279577948512	60	60	4500.0
3674.230557419942	10271.022743898358	1.0	2.244744723844852	60	60	3000.0
-9103.797203784	9743.66625678444	1.0	0.0445246488794526	60	60	2800.0
-6985.240625204392	-10470.860592434425	1.0	1.5131213336423577	60	60	2700.0
1466.420375828159	7966.552266783641	1.0	0.8879645576617858	60	60	2400.0
11843.262955450002	6917.982588815483	1.0	2.174571412142089	60	60	4400.0
15682.453820708131	-7038.521608116136	1.0	0.5536676813627344	60	60	5300.0
-7455.282897510069	-9185.25319185937	1.0	1.3539803550423188	60	60	3600.0
6891.860056187668	683.3875327388769	1.0	1.7993909629174574	60	60	2100.0
-3074.046383452124	-8023.069717119605	1.0	1.2249103385281517	60	60	2100.0
11998.92100111638	13016.109196623627	1.0	0.4722692208274957	60	60	4300.0
5277.9526368572215	-14706.216727054672	1.0	1.513801718395693	60	60	3500.0
-1059.7828180663444	-994.9257193623624	1.0	42.86311249269189	60	60	1200.0
8520.125683081658	9336.93537664982	1.0	1.6156091853427827	60	60	2600.0
12913.44117767618	-7548.454113570208	1.0	0.6812881243529172	60	60	4700.0
10771.795697690795	2612.9442187193913	1.0	2.030055893633879	60	60	2600.0
3513.2881428500223	3317.3179726627113	1.0	1.029303861008838	60	60	1200.0
8359.121467823334	-9057.597327515772	1.0	2.181630946517829	60	60	3900.0
-1736.6809993666373	-13134.964021933529	1.0	1.1750860455240626	60	60	4200.0
-12874.435043212015	961.781063051663	1.0	1.8035979424211843	60	60	3700.0
8604.210100294056	5945.326664891882	1.0	1.6828701427583783	60	60	2300.0
-12039.29803037388	-15976.46723541646	1.0	53.698893545931	60	60	4200.0
-4134.969217557612	-10409.559475879409	1.0	57.74358258911364	60	60	2700.0
8826.991565344084	10629.836520928904	1.0	0.0891954292684076	60	60	4000.0
7482.766722789181	11904.175335416272	1.0	1.2347893269873262	60	60	3100.0
2414.0373502191146	5788.77934633003	1.0	0.0654698430188978	60	60	1600.0
-9768.703506696667	-4488.878558865559	1.0	0.0037187811112133	60	60	2300.0
11288.417119722317	9633.155493750735	1.0	18.35717176513186	60	60	4700.0
-13817.69349854114	4956.617231683573	1.0	0.3374094456810224	60	60	3700.0
7650.710530417719	-7710.912973778379	1.0	1.3106588191176776	60	60	3100.0
8944.644936067389	-13959.88018615633	1.0	2.005412337780461	60	60	3600.0
10651.317192594812	-1880.0773221941995	1.0	0.7611937838899955	60	60	2100.0
129.23052775945075	3819.3058342303934	1.0	0.9908689739415084	60	60	1200.0
96.36503274493644	-13705.145935315595	1.0	1.9495377732424857	60	60	3200.0
-15648.536772494044	12295.457261759684	1.0	0.0483307439115863	60	60	5600.0
-9719.402136406035	-2033.2471125172576	1.0	1.016353805345692	60	60	2400.0
1952.8099733228323	-697.296160360556	1.0	1.8798794561758985	60	60	1200.0
-8006.753576909624	915.2260270378656	1.0	5.453011335409866	60	60	2200.0
-13966.174785589064	6321.457874295201	1.0	1.1269851033520268	60	60	4200.0
-14967.817388446343	-6340.9304631918985	1.0	2.2525530474484796	60	60	4400.0
15932.617348694996	13786.286117239077	1.0	1.852469139630756	60	60	6100.0
-578.5257661353759	-6517.399887198089	1.0	0.9573050394180846	60	60	1500.0
3293.6408387054125	12373.991769368531	1.0	13.190124164163205	60	60	2500.0
-6855.234508445544	-8516.588960499863	1.0	0.7332901770250853	60	60	2300.0
-747.4787709001313	9440.5516035152	1.0	2.074690757991749	60	60	2100.0
-5261.280187758865	-2017.3415173308783	1.0	0.8714623203283298	60	60	1600.0
1853.9401207885217	-14682.669892264805	1.0	1.1151246087894104	60	60	3500.0
-10655.779570978648	-12183.04647907835	1.0	1.032823170897712	60	60	3600.0
-14481.464281657154	15344.962455559167	1.0	0.0758639868078975	60	60	4800.0
466.1408849780416	13693.931302575009	1.0	1.989020347318285	60	60	2700.0
13375.686725084684	9084.935160211113	1.0	6.977294532966649	60	60	4900.0
-9119.667038349706	-8644.803347670146	1.0	18.261247217290244	60	60	2600.0
11643.88153331171	6792.058377312518	1.0	0.2306402258114029	60	60	3500.0
-13341.680829403866	-12000.867377591429	1.0	0.4755014445582933	60	60	4900.0
-15798.358652391837	-14308.787282192749	1.0	2.2148643015852576	60	60	4200.0
-531.971901612687	-13376.255641840417	1.0	0.584733425749225	60	60	3300.0
5129.087917582465	3487.4934086288163	1.0	0.0878981068575365	60	60	1700.0
6280.091830405463	6022.343094089551	1.0	1.6052563434939024	60	60	2000.0
10971.435165353914	1802.241952865254	1.0	2.0146344012160053	60	60	3400.0
-3839.074097922751	15802.012002956804	1.0	2.2508775039842708	60	60	3900.0
1886.276247682193	-15689.985877783043	1.0	1.808783862665294	60	60	3400.0
5319.8731612164	-4925.8759145796585	1.0	15.333095015562868	60	60	2200.0
13594.891189216103	4923.067623104584	1.0	0.306713442726976	60	60	3700.0
5250.66791332421	8709.746532857838	1.0	0.7444701945796556	60	60	2200.0
2589.6868665662955	-11219.52595168304	1.0	2.108019354830053	60	60	2400.0
-342.61514894143966	-10021.83992782977	1.0	0.8825920286257418	60	60	3100.0
-11782.159525048108	-3790.4288344637143	1.0	0.0759822121961514	60	60	2500.0
-14209.58966122208	-11399.485464415407	1.0	0.2222547513277566	60	60	3500.0
-1364.0239011725512	2903.9085480134695	1.0	0.6458821578306585	60	60	1200.0
-8958.364482659563	9766.473385178077	1.0	0.7639048332023622	60	60	2900.0
-12771.897119680358	15700.103174044483	1.0	23.94846165128033	60	60	5300.0
-14734.627123149305	-6068.877704258237	1.0	41.599157608021386	60	60	4700.0
-9313.55487368708	-466.224493280506	1.0	0.3479493459715549	60	60	3000.0
-7671.726875386155	12452.970593040543	1.0	1.8816837624519072	60	60	3300.0
3329.4807617748143	434.09188910317096	1.0	1.8608852675127223	60	60	1200.0
-7859.969049492991	-10304.55814985758	1.0	1.957363149971456	60	60	3300.0
15884.639525095452	-11582.592156896078	1.0	64.98787580546093	60	60	4600.0
-15051.535233708466	8352.511647381027	1.0	22.105120785702766	60	60	4800.0
-914.637027197006	14354.258826623389	1.0	1.749859769039589	60	60	4100.0
-13821.394504028674	9724.253834654492	1.0	1.0818951931855747	60	60	5000.0
6721.474427768001	-4544.528641432701	1.0	1.4811827518783214	60	60	1700.0
-14362.852592517893	-6016.722621589463	1.0	2.269830904604824	60	60	4500.0
1464.7365259697804	-2959.8758161488163	1.0	1.3525647093634894	60	60	1200.0
9510.995678886586	-1132.4279855213742	1.0	0.0955924330487106	60	60	2000.0
12631.416102554718	-12731.118403510229	1.0	0.6062164902169339	60	60	4300.0
13205.92791026561	12327.781191934922	1.0	1.5505549839511674	60	60	4700.0
-12197.86616755137	12972.644660236663	1.0	0.2007143851557276	60	60	4600.0
-15144.315150206015	14890.506044812611	1.0	13.35117801207772	60	60	4600.0
-4258.852281119943	14661.637408833309	1.0	1.9589757539297028	60	60	4600.0
3640.9564181958544	1490.2948000571505	1.0	1.261545711278878	60	60	1200.0
-2305.6210279284724	-12556.739903889902	1.0	1.482670516365146	60	60	2700.0
5104.418539879282	1504.086874190967	1.0	0.7222383857343271	60	60	1200.0
-10650.711347977132	11709.201686088105	1.0	42.130599651339345	60	60	4400.0
